322   3991
1029   3941
1829   3898
2525   3799
3143   3827
5075   3770
5855   3884
6592   3792
7532   3742
197   3501
1018   3437
1564   3458
2208   3486
2769   3458
3345   3422
4873   3359
5491   3373
6068   3344
6790   3366
7257   3422
213   3238
696   3295
1268   3209
1865   3217
2416   3202
2966   3209
3423   3124
4727   3110
5288   3110
5829   3138
6442   3053
6992   3082
7777   3018
94   2975
571   3004
1132   3011
1657   2968
2151   2947
2592   2975
3055   2989
3538   2940
4706   2904
5184   2869
5642   2862
6192   2833
6701   2862
7262   2819
7797   2819
431   2854
961   2862
1366   2826
1927   2805
2327   2833
2753   2762
3148   2776
3564   2783
4603   2691
5081   2670
5517   2663
5881   2677
6327   2656
6904   2656
7397   2613
7906   2627
405   2691
800   2670
1200   2705
1673   2649
2109   2634
2504   2634
2857   2649
3252   2627
3647   2634